54361
54364
54373
54374
54377
54379
54404
54408
54414
54422
54423
54424
54425
54431
54432
54433
54435
54436
54437
54438
54451
54463
54467
54468
54469
54470
54481
54482
54483
54484
54485
54486
54487
54488
54489
54490
54491
54493
54494
54495
54496
54497
54498
54527
54528
54529
54531
54532
54534
54535
54543
54544
54545
54546
54547
54548
54549
54584
54587
54588
54589
54590
54591
54592
54593
54594
54595
54597
54598
54599
54600
54602
54603
54604
54676
54677
54682
54684
54689
54693
54697
54707
54747
54748
54754
54768
54794
54798
54803
54804
54853
54859
54862
54863
54865
54866
54867
54871
54872
54873
54897
54909
54911
54912
54913
54914
54915
54918
54931
54932
54933
54934
54935
54936
54937
54938
54944
54945
54948
54949
54951
54952
54953
54965
54966
54967
54968
54969
54971
54972
54973
54974